Albania blue 0 642.6537259596278 449.99038961114053 1 2 3 4
North_Macedonia blue 1 816.517383279885 427.43258792142734 0 6 3 2
Greece blue 2 755.0551895666106 681.7976704751628 0 5 6 1
Serbia blue 3 860.7192068911838 206.42346986493385 0 6 7 4 8 9 10 1
Montenegro blue 4 379.5645779100822 380.88974484086305 0 3 8 9
Turkey blue 5 1173.4526883878175 714.5236347836624 2 6 48 46 47
Bulgaria blue 6 1102.8683275443855 525.4453272334375 2 5 3 1 7
Romania blue 7 1225.6603373346695 323.9638804434739 6 3 10 18 20
Bosnia_and_Herzegovina blue 8 460.5027579233857 177.04543962217278 3 4 9
Croatia blue 9 355.45039793222116 18.324274278869588 8 3 10 11 4
Hungary blue 10 875.383117277366 -81.94439466493114 3 9 11 12 17 7 18
Slovenia blue 11 292.74812387918746 -190.71925837191648 9 10 13 12
Austria blue 12 336.4860550512671 -327.50941780760854 11 10 13 14 15 16 17 45
Italy blue 13 44.03209326895567 40.2339246208329 12 11 14 23 37 41
Switzerland blue 14 -28.098014941763726 -129.187957455508 12 13 15 23 45
Germany blue 15 79.1305778558397 -353.1817652560438 12 14 16 26 25 30 31 19 23
Czech blue 16 463.24773653176186 -463.2382990391482 12 15 17 19
Slovakia blue 17 767.5727097320125 -359.36311150323013 12 16 10 18 19
Ukraine blue 18 1248.7963972403263 -184.98063880364697 10 7 17 20 21 22 19
Poland blue 19 601.5098830684733 -685.1464906982955 17 21 18 15 16 22 33
Moldova blue 20 1391.2126684481027 182.90527219419556 18 7
Belarus blue 21 1163.8169082369213 -381.1967473639991 18 19 33 34 22
Russia blue 22 2034.4158159301558 -713.3703954364802 18 21 35 19 33 38 34 40 46 47
France blue 23 -320.6447718008698 -115.19336308919958 13 24 14 25 26 27 28 15
Monaco blue 24 -309.5956479681078 55.335472406712704 23
Luxembourg blue 25 -206.6985187811455 -242.85045551424838 23 26 15
Belgium blue 26 -304.74024657944454 -354.38079320742355 23 25 15 30
Andorra blue 27 -529.4764001336918 -33.6234004483356 23 28
Spain blue 28 -593.1827602921536 -172.11548774933974 23 27 29 42
Portugal blue 29 -786.3465643122413 -298.38984864908946 28
Netherlands blue 30 -130.16673597984519 -466.86150279103526 15 26
Denmark blue 31 109.76415925166071 -688.2100980448653 15
Cyprus blue 32 1145.799592342503 1016.016113439015
Lithuania blue 33 1002.6833219847729 -573.1779138321782 21 34 22 19
Latvia blue 34 1266.094170937473 -556.8723208689008 21 33 35 22
Estonia blue 35 1320.2935935766243 -494.6433541350606 34 22
Malta blue 36 -15.396771614567644 223.51402842939177
San_Marino blue 37 136.32055695204758 82.16314960220683 13
Finland blue 38 1251.943662315524 -894.857248432173 22 39 40
Sweden blue 39 916.0138977963913 -839.918251442914 38 40
Norway blue 40 1052.5270832079386 -1028.3625144679156 39 38 22
Vatican blue 41 -70.56187509310101 102.5302415074823 13
UK blue 42 -320.4372641438618 -563.6457067184143 28 43
Ireland blue 43 -505.78405088179954 -569.5823794613887 42
Iceland blue 44 -401.3261185078963 -758.8848280204415
Liechtenstein blue 45 82.46507325739701 -121.11923873579812 14 12
Georgia blue 46 1720.5053579778917 -16.07277345943238 22 47 48 5
Azerbaijan blue 47 2046.3482998325458 40.13671214138459 46 22 48 5
Armenia blue 48 1800.9260851525878 113.80486769601515 46 47 5
