Ireland blue 0 317.0 180.0 1
UK blue 1 517.0542080256199 208.6821021853787 0 2
Spain blue 2 361.9533627656328 469.70547591560086 1 3 4
Portugal blue 3 159.56567443857648 418.6356854031661 2
Andorra blue 4 537.8604189751303 592.6512678899809 2 5
France blue 5 679.720948176338 498.07758175584246 4 6 7 10
Monaco blue 6 709.9845277392624 647.5040058477812 5
Luxembourg blue 7 736.4651598568211 358.1085262773175 5 8
Belgium blue 8 658.9147372268276 252.1859978070824 7 9
Netherlands blue 9 827.255898545594 170.85262773172332 8
Switzerland blue 10 861.3024255538838 518.8837927053529 5 11
Liechtenstein blue 11 1052.3412715448435 499.9690554785252 10 12
Austria blue 12 1237.0047645688792 422.15505328560755 11 13
Slovakia blue 13 1451.2212559654586 437.5940796925682 12 14 17
Czech blue 14 1302.6206267984621 252.32576280904016 13 15
Germany blue 15 1057.5260825879614 217.58795339337863 14 16
Denmark blue 16 1082.6145004992725 -6.277929507551092 15
Hungary blue 17 1522.6267530976515 682.6886239030689 13 18 23
Croatia blue 18 1188.7578070471272 715.4965550178603 17 19
Slovenia blue 19 1119.2821882158041 588.1245871604348 18 20
Italy blue 20 1018.9285165705597 688.478258805679 19 21 22
San_Marino blue 21 1072.965108994922 794.6215653535337 20
Vatican blue 22 862.608374200083 759.8837559378723 20
Serbia blue 23 1516.0308225936017 922.0524890494845 17 24
Bosnia_and_Herzegovina blue 24 1242.8853609055047 939.8663235074039 23 25
Montenegro blue 25 1165.6920782545208 1064.5631647128394 24 26
Albania blue 26 1343.8304228337145 1201.1358955568878 25 27
North_Macedonia blue 27 1555.617121388978 1183.3220610989686 26 28 29
Greece blue 28 1523.948082352677 1359.4810907383933 27
Bulgaria blue 29 1814.907378498693 1268.4326035090276 27 31 30
Turkey blue 30 1856.057580456356 1453.2419725148497 29 32
Romania blue 31 2002.6735019207129 1098.9201623093204 29 35
Armenia blue 32 2298.348943540499 1160.0101295861357 30 33
Georgia blue 33 2232.3717788815384 1025.612201577142 32 34
Azerbaijan blue 34 2491.393240135236 1008.5070107396336 33
Moldova blue 35 2024.6658901403664 866.7782866574221 31 36
Ukraine blue 36 1961.1323241724783 590.6516345662166 35 37
Belarus blue 37 1900.042356895663 395.1637392804074 36 38 39
Russia blue 38 2491.393240135236 253.4350151981958 37 43
Lithuania blue 39 1760.757231504524 141.02947540885552 37 40 42
Latvia blue 40 1973.3503176278414 119.037087189202 39 41
Estonia blue 41 2044.2146796689474 236.3298243606875 40
Poland blue 42 1469.9689872668828 50.61632383916879 39
Finland blue 43 2166.394614222578 -83.781604169825 38 44
Sweden blue 44 1780.3060210331048 -93.55599893411546 43 45
Norway blue 45 1901.0433821731503 -305.91048451183985 44
